100
1 2
01
00
4 8
11011011 00111110 00110100 11010001
11001001 00101100 11000011 00100110
5 5
00000 01111 01100 10000 11111
01010 10101 00101 11010 00110
3 8
01000101 11100101 10100010
11110111 00011001 10011110
2 10
0011100101 0111001101
0101000100 0111011111
7 5
11001 00100 10101 11010 00101 10110 01111
00110 10110 01100 11001 00111 10101 11010
8 10
1010110101 0111100110 0010110010 1010111110 0010101101 1010010000 0111001000 0010101010
0110001100 1011001101 1101000010 1011001000 1110000100 1000010011 0010000101 1111100010
10 10
1010001001 1110100011 0001011001 0101110111 0010100010 1101011000 1100101110 1001010100 0111011101 0010100110
1001001100 1111001000 1010110111 0010011100 0001000001 1010110011 1101100010 0100111011 0101001101 0110110110
10 10
1110110001 0010011111 1000010010 0111100011 1101111000 0101001101 0101000111 1000100110 0011011100 1010101000
0101001100 1111110101 1000101101 0011011011 1110110110 0000010010 1000100111 0101111000 1010001001 0111000010
4 8
00010001 10110001 10111000 01111011
01000011 10000000 00101001 10001001
4 9
010100001 110111110 001110000 000111110
011010111 000000101 011100010 011010101
10 10
1101001011 0010101101 0101111000 1000000111 0000010110 0110010001 1010110110 1111000001 1001111110 0111101000
0111011010 1000110101 0101101011 1001001100 1111001011 1101110000 0110100011 0000011100 0010010110 1010100101
10 7
0000010 1000111 0111011 0101010 1000010 1101010 0111001 0010011 1101111 0010001
1010010 0101001 1111010 0111010 0101011 0000011 0000001 1010111 0010010 1111111
3 4
1101 1110 0110
1011 0000 0010
7 6
011100 010100 011011 101111 010001 111100 001101
110001 111000 001010 011001 010110 100111 000001
10 10
0110100000 0001010000 1100010111 1010000110 1101001011 1011111001 0011111010 0110100110 1000111101 0101001101
0001000001 1011110110 0110110001 1111011100 1010101010 0100011011 0010101100 0001000111 1100011000 1101100111
1 4
1011
0110
1 3
100
010
10 6
111111 111101 101000 101111 011010 111001 111100 000101 001001 001000
001110 101101 111011 101001 111100 101000 011100 010001 011101 101011
10 10
1110001011 1101011111 1011110100 1110010101 0011100010 0000111101 0011000011 0000011000 0101100000 1100101110
1001101001 1110110011 0110100101 1011001100 0101011111 0110000100 0101111010 1011010010 0000100111 1000011000
8 7
0110101 0010100 1111001 1110111 0111110 1011000 0010101 0001100
1100110 1111111 0001010 0101011 1100111 1000110 0000100 1001101
8 7
1000111 1110100 1011011 1111011 0111111 1101100 1110001 0101100
1001111 1011000 1101111 1110011 0011000 1000000 0001011 1000101
10 10
1010100000 0000011000 0011110101 1100010111 0110101000 1101111100 0011101011 1101000110 0101000011 1010011111
1110101010 1101000111 0000011001 1011110111 0111000000 0000100011 1000011100 0111111111 1110110100 0001001000
2 8
01001011 11111110
01101011 00111110
4 5
00100 10000 01110 10101
01100 10111 00110 10010
2 8
10010011 10011101
10010010 10011100
10 10
0101100101 1110001000 1000111011 0100100011 0110100111 0101011010 1001110100 1011001000 1011010111 0010011100
0111001011 1001011001 0100111000 1000100000 1110011111 0010001011 0111010100 0101110111 1010100100 1001100110
10 10
0100000110 0010011001 1000101111 1111000100 0100110010 0111011101 1010101001 1111110000 1001110110 0001001011
1010110100 1100110010 1111101101 0001110110 0010011001 1010000000 0111011101 1101101011 0001000010 0100001111
2 8
11010010 00001001
11011010 00000001
10 10
0010111100 0110010001 1101111011 0110101110 1000011100 1101110010 0111000100 1001001011 0001100011 1010000101
1011000100 1010010001 1010101110 1101100011 0100011100 0101001011 1110111100 0001111011 0001110010 0110000101
10 10
0000010010 1010100000 0100100101 1111001111 1001110010 0100101111 1111110100 0111011110 0000001001 1011011001
0111111010 1100110001 0101010001 0011010111 0011101100 1100101010 1000000110 1011111101 1000001100 0110000011
10 10
0010111101 1100101011 1010100110 0010010111 1111001110 1001011001 0111010000 0101000101 0000110010 1101101000
0011011110 1011000101 0011110100 0100100110 1110101101 1100001011 0001010001 1101001000 1000111010 0110110011
6 6
001010 000010 101000 101111 100000 100111
100100 000110 100011 101011 001110 101100
10 10
1111011010 1001011111 0110100011 0100110100 0100000001 1111011011 0001000100 1010101110 0010100101 1001111000
1011011111 0100000100 1100111000 0010100111 0010100110 0111010010 1111011001 0100100011 1001111101 1001001000
10 10
1000000000 0100101011 0000110001 1010001000 1001100110 1101011101 1111111000 0111000110 0010011111 0111110111
1000100011 0000101100 0010001001 1011111111 0110110010 1111100101 0101011100 0111010100 1101001011 1000010010
10 10
0000100100 0110011101 1010001010 0011101101 1101010011 1110111000 1100000010 1001100110 0101111001 0011010111
0111011010 1011000101 1101101011 1101010001 0100110110 1110011000 0010111110 0011101111 0000000100 1000100001
3 4
0110 0100 0001
0110 0011 0100
10 10
0110101000 1011100100 1101111110 1001001111 0100110000 1010110111 0011010011 0101000000 0010001101 1100011011
1110110101 0110000010 0111011100 0000010001 1111100110 1000101111 1100011110 0001100001 1001001010 0011111001
9 8
10011000 10101111 00110010 10100001 01000111 01010000 01001001 10001011 00001100
10010011 00111110 11011000 00000111 00110000 11010110 11001111 00010100 10101101
3 7
1001000 1100011 1101101
1110001 0100011 0010011
4 5
00100 01010 11010 10100
10010 11100 01100 00010
10 10
1101011010 0111010001 0011101111 1010100010 0011101100 0000001101 1000010001 0101100101 1100011110 1110110010
1001000001 0011101110 0100010110 0001011101 1100101001 1010100000 0111111110 1010100011 1110011101 0101010010
10 10
0000001011 0010011011 0111010111 1011000101 1101100100 0110110000 0001010010 1101101100 1010111100 1100101011
1000001110 0100110000 0011010010 0101101001 1111011110 1000000110 1110100111 0010110101 1001001001 0111111001
6 10
1010010011 1101111011 0000111010 1000111010 1100011000 1100110110
1010011011 1111011010 1000110010 1110111001 0010011011 1110010111
3 9
101000010 110101011 111110000
001100011 000111000 010001010
4 4
1101 1111 1011 1001
0000 0110 0010 0100
1 9
010100110
101000101
6 10
0100000000 0111110110 1001100110 0000101001 0011001101 0100110011
0111110010 1001100010 0100110111 0000101101 0011001001 0100000100
5 10
1111100011 1001001101 0101101110 1100010010 1001001110
0101011110 0110111111 0011111011 1011010011 1111101011
6 10
0010101100 0110101001 0010010010 1101010001 0100001100 0100101000
1101011101 1001000001 0110111010 1110001101 0110100101 0010111100
3 8
10001001 11111110 01000111
11000001 11110011 01001011
10 10
0101010111 1101111010 0010100101 0011001011 1001000111 1100110000 1010011000 1110111100 0011100001 0100001110
0010001100 0110101000 1000111110 1110010101 1111111011 0101110111 0001001010 1001100111 0000000000 1111010001
2 10
1111000100 0000010010
0000010010 1111000100
10 10
0111101011 1110011001 1110010101 0100111110 1001100101 1101110110 0001001000 0000010101 1010101010 0011000010
1101101010 1101100110 1010010110 0000110001 1001011001 0011100110 0100011000 0010111011 0111001101 1110000101
10 10
0000101101 1001100111 1000011001 1110011110 1101011010 0011001000 1001000101 0110110010 0111100000 0110110111
0010111110 1100101100 0111111101 0110100001 1001010011 0110000011 1000000100 0001111010 1001010110 1111001001
10 10
0100011010 0011111101 1011011001 1001100101 0010101001 1111010110 1100100110 1100110011 0111001100 0000000010
1011101011 0011110001 0111111110 1100100101 1000111101 0101000010 0000010100 0000000001 1111011010 1110001110
2 7
1000110 0110101
0111001 1001010
8 10
0011100100 1111011110 1111001101 1110100100 0001101100 1111001010 0001011010 1000100101
1011100111 1011010001 0100011001 0010011000 0101110000 1001011001 0101100011 0101110111
10 10
0010100111 1101001111 1110100111 1000001011 0011010000 0000011100 1001100100 1111111011 0111110000 0100011000
0100011011 0011011000 0111110011 1000011011 1010100000 0101000111 0010110111 1001101100 1101001100 1110100100
2 9
101100000 000100010
010010111 111010101
10 10
0000111010 1111100011 1000101101 0011010100 1101011000 0111010010 1000000001 0110101110 0001010111 1110101101
0001111100 0100001001 0110110010 1111111111 0111111100 1110000011 1000000110 0001010000 1010000101 1001101011
10 10
1100000000 1111000111 1101111101 1010111000 0001001010 0011110001 0000001100 1110100111 0110010010 0001111111
0011000011 0001111001 1000101100 1111110100 1110110010 1111000001 0100000110 0000011001 0010111110 1101001111
4 6
100100 101110 011011 010001
101100 010011 011001 100110
5 8
00000010 01111111 10100000 11111000 01000011
00101110 00000001 11000100 10011100 00011000
10 10
0111110011 0000001010 1000010100 1111011110 0111001101 1000100000 0011111111 1000001011 1111110001 0100100100
1101011001 1101101101 0110000110 0010001010 0001011101 1101110010 0101110011 1010100111 0010110100 1010001000
2 8
10101101 10001101
11010010 11110010
4 5
00110 00000 01111 10110
10100 10010 11101 00100
10 10
0011011111 1101011001 0110000100 1100000111 1011011110 0110100010 0100100101 1011101001 1001111010 0000110000
0001111011 1001011001 1100100100 0110000001 1110000000 0011111100 0101101110 1110110111 0011011010 1000000111
10 10
0001000010 0100101101 0110010110 1010110111 0001001100 1101101000 1010010001 1101101011 1111011111 0010110000
1010101101 1001010001 1100110000 0111000010 0101110101 1001011111 0101110110 0010101010 1110001011 0010001100
2 5
00000 10010
00100 00011
4 6
011110 111000 010100 010000
001000 001100 100100 000010
6 7
1101110 0101111 1001111 1010100 0000011 0010010
1001110 1011111 1110011 0010011 0001000 0110010
8 6
100000 011100 110001 000101 001111 111010 011110 010000
111000 010010 001000 011001 110110 110100 101101 100111
8 9
110101001 101100000 011001110 001101101 110111010 000000010 001011010 001000011
010011010 001010110 111101110 000010111 111111101 100110100 000111001 000001110
2 5
01010 01111
11010 11111
9 7
1100111 0111010 1010001 0110000 0110001 0101010 0010011 1011010 1011110
0000001 1010110 0010010 1101001 0110011 1101010 1100101 1111001 0000111
2 4
0001 0000
0110 0111
10 10
1111110001 1011011010 1110000100 0100010100 0011111110 1000101011 0000101101 0001110001 1101000010 0110001111
0001010010 0110111000 1111101110 1001110110 0011011101 0010000001 1101011101 0100100011 1010000111 1100101000
9 10
0100111100 1001101010 1010110010 1011011101 0010011000 0110111101 1000110011 1000111101 0110000000
1101010110 0010111100 1111100001 1110001110 1100001111 0010000001 0110100100 0000000000 1100000001
8 6
010101 000001 110111 110010 101110 001100 010000 100011
100110 110111 000100 101011 110010 001001 010000 010101
10 10
0101101001 1000111110 1110100111 0110100001 0001011011 1001111100 0011001000 1100010110 0011000010 1110010101
1101000000 0110111100 1100000010 0100100101 1011011001 0011011111 0000010111 1001101000 1011101011 0110110110
1 7
0011101
1010011
3 4
1111 0100 0110
0010 1010 0101
4 10
0001000011 0001100111 1110001000 1110101100
1110111000 1110011100 0001010111 0001110011
10 10
0001001100 0010100000 1001111010 1011110001 0010100001 0101000111 1110111110 1101000111 0110011001 1100011110
1011101111 0010111110 0111110001 1100001000 1011101110 1000000011 1111010110 0101010001 0100001000 0000110101
2 4
0100 1110
0001 1011
10 10
1101100010 1010011100 0110010000 1101110111 1111101000 0000101101 1000000101 0011011111 0001100010 0110011011
1000101001 1101100110 0100100101 0001010001 0011011011 1110010100 1111011011 0110111100 1000100010 0011001110
2 4
0101 0110
0001 0010
10 10
0110011111 1011110100 0100001111 1111100110 1101001100 0000100011 1110011011 0011010000 0001101000 1000110001
1010010101 0110110001 1001000010 0100001001 0111111010 0001000110 1111101000 0011010110 1000111111 1100101101
4 7
0111110 1111111 0000011 0110111
1011111 1101011 1010110 0010111
8 9
100000111 101001101 101001011 000000100 010100100 111101011 110100111 111101101
100000010 010100001 111101110 110100010 111101000 101001110 101001000 000000001
3 6
110100 011110 101011
110010 111111 010100
2 7
0000000 0001011
1111011 1110000
9 6
111001 111010 011110 001001 001010 010000 000100 101100 001110
101000 011011 101011 111111 100101 110001 101111 011000 001101
10 10
0001000110 1101110011 0000001101 0001010100 1111011000 1010101010 1110011001 1100101011 0010100111 0111110100
0100001001 0011110000 0001011010 0010111011 1110001110 1100100101 1101100100 1001010111 0010101001 1111010110
6 7
0110101 0100001 1000011 0101000 1001010 0111100
0111110 1010101 1011100 1001000 0110111 1000001
5 5
00000 11011 01000 00110 11111
00111 00001 11000 11100 01111
10 10
0110010100 0001011111 0011110101 0000101000 1111000011 1101111010 0110100110 1011000010 1000101101 1100011001
0101011111 0010010100 0100101000 0010100110 1011000011 1111000010 1100101101 0111110101 1001111010 1000011001
10 8
01001110 00011011 10001111 10010111 01101111 00110011 00111000 11100111 01010010 00010111
01010110 00010001 10100111 00011000 00101110 10101101 11011011 00010110 00001100 11001011
10 10
0111101011 0000010110 1100100101 1000011100 1011100010 1100010000 0110010000 0101101011 0011001101 1011111111
1011101000 0011011010 0111111100 0110000111 1000001011 0101111100 1100110010 1100000111 0000000001 1011110101
