100
121 742
1 10
240 686
65 302
3 485
4 10
297 600
9 9
453 879
1 221
1 584
8 109
38 215
3 65
1 101
7 9
1 4
237 581
121 484
21 122
120 122
82 996
21 485
8 65
24 791
255 656
754 875
9 65
122 483
7 121
28 248
3 6
122 1000
120 302
1 9
7 221
341 684
21 121
622 776
1 104
8 584
21 584
21 221
3 584
7 484
1 742
1 5
438 926
65 484
1 121
1 302
100 1000
223 237
283 955
546 744
120 584
101 162
696 889
9 221
242 548
586 611
484 485
170 278
619 951
1 484
355 432
65 485
1 65
483 584
21 484
45 479
387 661
204 471
3 9
121 302
120 484
1 6
3 10
571 653
3 4
854 959
7 302
939 956
155 544
65 121
197 464
3 104
384 485
1 2
10 120
1 1000
3 5
787 944
384 742
21 742
3 109
374 986
2 867
483 484
115 721
