100
475.56638 4.21153 168.28456
604.38212 31.30909 1196.03142
9993.10495 1.11383 99969.80509
130.799 31.7283 157.490
737.0 69.0 100000.0000
393.07 35.401 22.33
196.3 82.8 543.47
1145.67642 47.51849 472.09846
9996.35930 1.27082 99959.34853
478.9 73.4 103.7
692.99303 15.49485 23.03511
164.97321 34.32930 74.24124
592.97081 6.46431 165.91386
4902.0 6.0 47227.0
7976.0 89.0 10678.0
8482.00000 15.00000 8519.00000
6916.0 53.0 55792.0
1.03780 99.40911 99999.65216
936.19213 98.42501 571.23121
399.25279 67.11293 101.02221
9998.91675 1.09002 99955.20060
5115.00000 2.00000 10230.00000
1.09386 99.93566 99999.75756
9997.64101 1.09681 99933.39362
70.09832 96.0 633.4
9992.42966 1.15468 99966.38119
330.40706 46.39065 676.15960
9994.36672 1.18040 99944.71762
1615.0 66.0 99973.0
9998.09889 1.35983 99919.75295
9990.71508 1.20636 99933.01703
9998.77669 1.39939 99970.83142
9992.91847 1.37898 99973.81387
8850.0 73.0 98997.0
8429.0 61.0 56402.0
3722.0 96.0 53957.0
9992.05290 1.36993 99902.88513
562.863 96.37 131.6
9998.62901 1.28001 99988.24508
9024.00000 77.00000 9778.00000
436.39534 53.47963 856.82268
9992.14756 1.42947 99960.58610
409.0 1.70 339.874
9992.59345 1.22941 99905.26506
100.32092 100.0000 110.3894
431.55968 72.16317 111.46007
9494.00000 2.00000 18988.00000
586.78410 53.74941 961.93499
1046.0 15.0 537.2010
6410.0 5.0 86241.0
556.59019 7.28585 989.04446
969.0 94.0 94085.0
1.05329 99.96361 99999.65387
923.69680 63.81619 382.28855
9997.44455 1.01354 99975.08235
193.22420 79.92554 1012.48911
9996.53656 1.23895 99984.56399
9990.84245 1.18390 99938.08703
507.0 57.0 43336.0
5658.0 49.0 70512.0
9991.92813 1.14044 99938.70672
1.03531 99.07011 99999.15062
311.3 43.1969 445.7528
9996.66392 1.22122 99975.97410
686.85183 90.20334 588.70794
1165.0 60.70 59.0
9997.26411 1.49053 99991.44738
308.393 46.2 678.0
9997.24224 1.39705 99919.21397
9997.41062 1.08351 99983.03151
9993.02023 1.28794 99926.47243
9993.17117 1.10191 99925.18569
10000.00000 64.172 706.91
9998.45833 1.30187 99954.29114
9990.26990 1.36725 99989.63693
662.0 42.46 191.0
9998.42779 1.05843 99995.55705
674.07058 72.03210 851.29133
5402.0 27.0 53926.0
9991.12736 1.07462 99914.65412
8488.0 96.0 89355.0
7565.00000 2.00000 15130.00000
310.872 62.099 44.02
9990.51942 1.24597 99928.60129
2589.00000 2.00000 5178.00000
307.03054 97.85270 189.17202
1072.43518 38.13638 144.78937
1132.22180 77.96031 165.54155
9995.99098 1.19931 99921.57469
9991.45798 1.20927 99922.34425
9998.55782 1.47192 99959.77020
271.5 11.0 115.6
434.8 61.77995 133.5239
9992.29776 1.38239 99901.64907
8650.00000 98.00000 9498.00000
25.578 9.55 354.8
9997.42635 1.15719 99967.17335
7044.00000 95.00000 7729.00000
4.74293 43.76230 15.57017
9996.20467 1.39978 99919.40391
