100
1.00 2.28 1932.2
493.97265 1.01527 1956.55720
279.10188 2.33174 477.76101
10.89553 1.32714 1603.07231
207.04331 3.72899 1291.7682
176.63227 3.2 1261.305
321.0 3.140 522.9
3.1 1.09438 277.9
163.0 4.0 1414.0
185.31694 3.02265 6.80607
1.54188 3.55388 3.25773
475.88475 3.56185 1306.81977
496.40818 1.17002 1912.06240
498.63717 1.01814 1987.48367
491.62293 1.40020 1955.38488
186.69650 1.27092 1765.59271
497.44408 1.45570 1918.10920
383.1201 1.9825 1077.8
172.0 3.0 1070.0
301.0 3.0 1104.0
4.15552 1.58530 1404.87533
500.00000 3.481 694.26
491.12490 1.41030 1928.63889
148.422 1.0 815.0
364.0 2.0 260.0
453.00000 2.00000 481.00000
281.99 3.0 1770.3283
490.77214 1.26343 1965.45442
41.00000 2.00000 82.00000
460.37952 2.37735 1696.68926
273.0 1.0 1477.0
433.0 3.0 1733.0
392.43153 3.70070 1316.83859
258.65131 2.00029 1445.39690
492.33948 1.10766 1997.35293
394.0 1.0 1058.0
108.8 2.5268 147.19636
124.10772 3.81354 301.49585
491.68887 1.37329 1909.84668
208.56288 1.06879 308.21179
449.0 2.0 319.0
493.75212 1.20859 1987.49230
492.63166 1.35457 1986.44516
407.77642 3.49560 1198.64402
1.01775 3.05868 1999.58974
496.44768 1.07907 1951.29188
498.73518 1.01413 1959.73484
497.17515 1.36130 1948.46954
65.7552 2.0 1123.74867
490.57362 1.17776 1977.46579
409.21 1.9266 2000.0
288.71807 1.23049 1482.77358
494.91099 1.13487 1969.96594
13.253 1.16313 747.38
273.00000 2.00000 546.00000
33.13453 2.11413 1877.97599
1.04866 3.95151 1999.91490
76.21337 1.57935 115.47287
497.81319 1.39877 1908.03095
496.08925 1.47965 1981.54048
362.00000 2.00000 724.00000
491.38314 1.40417 1962.73682
490.12862 1.19630 1937.48123
264.52395 1.81903 742.24705
299.00000 3.00000 342.00000
493.43589 1.48435 1964.54309
493.48169 1.26493 1978.73123
320.0 3.0 998.0
143.00000 2.00000 286.00000
494.91575 1.41096 1928.19609
498.29545 1.46209 1935.37002
66.096 2.0 1477.55720
491.69107 1.39238 1967.10324
470.0 1.0 188.2
311.5 4.00 1347.61764
490.90395 1.43120 1987.15545
337.0 3.0 207.0
498.07494 1.28897 1970.08692
1.02977 3.97383 1999.29021
402.11872 3.43786 1274.84175
490.04212 1.10785 1984.12819
423.0 2.0 1591.0
428.94355 2.07451 1905.58894
159.88367 2.20955 1428.68888
494.50918 1.36616 1924.47516
1.03460 3.43755 1999.63638
496.86545 1.28133 1952.52693
494.56213 1.42454 1975.51222
325.0 2.0 677.0
494.75652 1.40351 1992.33873
478.0 2.0 1.00
497.80731 1.18462 1966.32820
76.0 1.0 1063.0
256.00000 2.00000 295.00000
238.28709 2.99618 1904.85703
498.14483 1.46693 1959.32510
498.54649 1.17950 1913.24692
478.00000 4.00000 479.00000
144.7 1.8714 1.0
143.7 1.4206 109.0
