50
8
0.56 0.81 0.92 0.98 0.62 0.41 0.31 0.22
0.52 0.86 0.70 0.19 0.59 0.48 0.36 0.94
9
0.94 0.36 0.20 0.76 0.30 0.85 0.67 0.53 0.33
0.88 0.89 0.86 0.80 0.42 0.23 0.08 0.68 0.62
4
0.26 0.62 0.28 0.74
0.56 0.38 0.77 0.49
3
0.65 0.56 0.82
0.09 0.15 0.21
8
0.73 0.94 0.50 0.69 0.83 0.63 0.65 0.60
0.38 0.35 0.02 0.46 0.13 0.33 0.29 0.25
10
0.59 0.97 0.79 0.14 0.49 0.12 0.63 0.32 0.22 0.98
0.28 0.56 0.02 0.60 0.26 0.17 0.47 0.90 0.11 0.84
3
0.40 0.97 0.57
0.33 0.50 0.90
4
0.84 0.69 0.78 0.62
0.50 0.34 0.53 0.66
10
0.75 0.10 0.37 0.02 0.97 0.14 0.51 0.29 0.98 0.67
0.87 0.33 0.59 0.68 0.46 0.24 0.38 0.84 0.16 0.70
10
0.41 0.14 0.91 0.71 0.76 0.33 0.26 0.73 0.09 0.63
0.19 0.21 0.20 0.78 0.03 0.51 0.47 0.36 0.10 0.24
10
0.934 0.321 0.509 0.481 0.292 0.009 0.415 0.547 0.462 0.358
0.057 0.566 0.283 0.896 0.679 0.575 0.811 0.906 0.094 0.858
10
0.39 0.24 0.86 0.51 0.17 0.95 0.67 0.87 0.54 0.30
0.23 0.63 0.69 0.77 0.27 0.35 0.28 0.72 0.12 0.75
9
0.56 0.78 0.84 0.53 0.93 0.96 0.47 0.51 0.97
0.31 0.03 0.46 0.09 0.35 0.15 0.10 0.13 0.40
1
0.1
0.8
6
0.79 0.21 0.23 0.88 0.09 0.63
0.56 0.67 0.44 0.84 0.47 0.91
10
0.61 0.41 0.10 0.71 0.17 0.18 0.78 0.62 0.54 0.14
0.96 0.70 0.38 0.09 0.27 0.63 0.24 0.33 0.66 0.45
3
0.33 0.92 0.67
0.17 0.75 0.42
3
0.42 0.16 0.52
0.84 0.58 0.77
1
0.7
0.1
10
0.96 0.41 0.47 0.63 0.76 0.10 0.61 0.20 0.86 0.84
0.12 0.39 0.78 0.22 0.33 0.08 0.29 0.80 0.31 0.57
3
0.14 0.69 0.80
0.17 0.09 0.46
10
0.98 0.63 0.70 0.66 0.71 0.88 0.95 0.61 0.68 0.75
0.46 0.27 0.14 0.07 0.59 0.29 0.18 0.52 0.12 0.54
1
0.5
0.3
4
0.19 0.67 0.43 0.90
0.76 0.62 0.48 0.81
4
0.58 0.86 0.61 0.50
0.75 0.64 0.56 0.83
4
0.21 0.74 0.11 0.68
0.47 0.79 0.89 0.42
8
0.64 0.86 0.09 0.77 0.91 0.45 0.82 0.95
0.14 0.55 0.18 0.27 0.41 0.05 0.36 0.50
10
0.71 0.46 0.92 0.62 0.17 0.50 0.08 0.42 0.54 0.87
0.25 0.04 0.21 0.83 0.67 0.58 0.29 0.12 0.75 0.33
6
0.07 0.05 0.23 0.58 0.12 0.65
0.91 0.37 0.77 0.81 0.16 0.19
9
0.58 0.66 0.98 0.54 0.70 0.81 0.82 0.64 0.76
0.42 0.29 0.25 0.04 0.45 0.39 0.47 0.36 0.34
5
0.89 0.56 0.62 0.44 0.69
0.20 0.38 0.96 0.65 0.18
1
0.8
0.7
3
0.14 0.24 0.76
0.19 0.86 0.57
10
0.75 0.35 0.93 0.53 0.78 0.15 0.50 0.10 0.42 0.40
0.27 0.08 0.63 0.58 0.80 0.77 0.45 0.90 0.02 0.23
10
0.28 0.88 0.18 0.48 0.75 0.77 0.13 0.98 0.55 0.57
0.35 0.65 0.37 0.15 0.07 0.12 0.73 0.17 0.10 0.68
1
0.5
0.9
4
0.65 0.25 0.45 0.20
0.40 0.60 0.55 0.50
6
0.75 0.74 0.78 0.63 0.99 0.96
0.21 0.46 0.07 0.56 0.22 0.40
5
0.45 0.67 0.70 0.28 0.98
0.93 0.62 0.38 0.35 0.78
10
0.37 0.75 0.47 0.08 0.01 0.48 0.54 0.97 0.25 0.72
0.51 0.63 0.52 0.67 0.40 0.91 0.73 0.66 0.04 0.09
10
0.02 0.06 0.17 0.14 0.42 0.22 0.27 0.48 0.18 0.01
0.63 0.59 0.71 0.73 0.86 0.94 0.50 0.83 0.49 0.60
5
0.50 0.39 0.61 0.28 0.83
0.89 0.17 0.78 0.72 0.22
6
0.16 0.88 0.68 0.24 0.04 0.12
0.96 0.52 0.08 0.20 0.60 0.44
10
0.64 0.86 0.70 0.44 0.47 0.61 0.59 0.15 0.48 0.56
0.17 0.05 0.06 0.97 0.02 0.45 0.58 0.83 0.55 0.36
8
0.10 0.31 0.73 0.17 0.33 0.85 0.12 0.46
0.52 0.71 0.15 0.54 0.58 0.62 0.98 0.19
9
0.40 0.58 0.71 0.01 0.17 0.42 0.03 0.28 0.78
0.96 0.06 0.57 0.67 0.60 0.43 0.38 0.10 0.83
9
0.88 0.12 0.37 0.33 0.29 0.25 0.35 0.45 0.16
0.41 0.10 0.96 0.98 0.67 0.59 0.31 0.82 0.73
10
0.69 0.62 0.85 0.83 0.92 0.96 0.79 0.90 0.73 0.63
0.10 0.15 0.44 0.33 0.23 0.37 0.60 0.38 0.46 0.02
10
0.93 0.10 0.84 0.70 0.49 0.96 0.58 0.48 0.87 0.39
0.42 0.27 0.33 0.72 0.22 0.09 0.63 0.67 0.46 0.16
10
0.60 0.03 0.61 0.30 0.06 0.31 0.57 0.13 0.14 0.04
0.37 0.11 0.41 0.29 0.67 0.39 0.71 0.94 0.54 0.46
