1000
178 719
15 302
97 395
181 731
21 197
59 917
90 555
77 477
12 564
178 718
282 565
102 205
317 635
321 643
135 271
1 1000
94 579
94 578
94 580
94 631
55 345
55 344
55 346
55 460
350 701
350 801
251 503
251 965
250 501
250 631
368 737
368 773
96 390
96 389
96 391
96 578
42 792
42 791
42 793
42 835
263 527
263 594
77 815
77 814
77 816
77 842
181 363
181 574
177 714
177 713
177 715
177 914
169 682
169 681
169 683
169 715
21 871
21 870
21 872
21 938
12 795
12 794
12 796
12 837
167 674
167 673
167 675
167 816
30 61
30 86
228 457
228 580
35 146
35 145
35 147
35 208
58 363
58 362
58 364
58 478
98 398
98 397
98 399
98 565
155 311
155 568
388 777
388 914
137 837
137 836
137 838
137 845
168 337
168 499
28 568
28 567
28 569
28 573
221 443
221 590
30 426
30 425
30 427
30 439
19 235
19 234
19 236
19 293
75 306
75 305
75 307
75 317
49 535
49 534
49 536
49 541
327 655
327 912
8 833
8 832
8 834
8 842
160 321
160 576
84 700
84 699
84 701
84 840
344 689
344 962
51 436
51 435
51 437
51 550
98 603
98 602
98 604
98 606
152 305
152 371
169 339
169 496
174 349
174 386
317 635
317 662
127 514
127 513
127 515
127 666
305 611
305 825
51 321
51 320
51 322
51 416
25 520
25 519
25 521
25 599
319 639
319 734
166 670
166 669
166 671
166 808
47 297
47 296
47 298
47 363
17 459
17 458
17 460
17 489
140 566
140 565
140 567
140 849
213 858
213 857
213 859
213 978
191 383
191 670
31 276
31 275
31 277
31 334
6 765
6 764
6 766
6 810
367 735
367 946
59 917
59 916
59 918
59 930
68 725
68 724
68 726
68 829
120 735
120 734
120 736
120 744
184 369
184 449
410 821
410 947
473 947
473 974
191 383
191 597
202 405
202 467
139 279
139 391
187 375
187 468
20 306
20 305
20 307
20 328
57 357
57 356
57 358
57 416
121 490
121 489
121 491
121 534
123 498
123 497
123 499
123 716
208 417
208 631
142 285
142 316
75 795
75 794
75 796
75 801
65 266
65 265
65 267
65 387
166 333
166 549
394 789
394 942
192 774
192 773
192 775
192 803
301 603
301 732
110 221
110 349
201 403
201 808
5 810
5 809
5 811
5 848
89 549
89 548
89 550
89 592
468 937
468 1000
120 241
120 296
375 751
375 952
193 778
193 777
193 779
193 851
160 647
257 515
257 819
65 695
65 694
65 696
65 810
62 524
62 523
62 525
62 598
201 403
201 705
113 693
113 692
113 694
113 891
172 694
172 693
172 695
172 937
251 503
251 973
218 437
218 607
106 213
106 381
385 771
385 894
109 442
109 441
109 443
109 475
65 405
65 404
65 406
65 411
189 762
189 761
189 763
189 987
22 897
22 896
22 898
22 960
18 707
18 709
18 757
31 524
31 526
31 578
149 601
149 603
149 843
168 635
24 584
24 586
24 621
106 240
34 299
34 301
34 318
31 275
31 277
31 302
110 674
110 676
110 883
456 947
85 345
85 347
85 480
204 696
73 774
73 776
73 821
190 421
107 656
107 658
107 712
221 624
236 581
106 650
106 652
106 778
113 692
113 694
113 739
366 964
229 634
147 896
147 898
147 958
40 872
40 874
40 924
238 613
139 416
6 930
6 932
6 969
2 433
2 435
2 446
230 925
230 927
230 993
93 246
372 826
93 572
93 574
93 692
326 916
10 815
10 817
10 900
300 656
323 822
87 536
87 538
87 697
188 527
148 902
148 904
148 949
117 474
118 277
116 710
116 712
116 782
254 940
136 419
150 605
150 607
150 663
270 933
465 949
226 750
358 974
75 464
75 466
75 507
262 835
60 644
60 646
60 663
169 506
191 741
303 902
76 309
76 311
76 450
309 689
40 254
40 256
40 280
34 87
325 716
164 459
229 758
389 922
419 959
357 743
370 862
144 371
223 623
72 764
72 766
72 827
182 418
24 669
24 671
24 672
1 740
1 742
1 747
194 781
194 783
194 988
187 433
42 173
42 175
42 209
433 945
259 945
197 432
8 751
8 753
8 818
152 613
152 615
152 659
22 329
22 331
22 343
23 211
23 213
23 261
17 766
17 768
17 833
83 512
83 514
83 573
154 938
154 940
154 986
361 908
306 779
415 882
58 194
190 506
350 850
197 456
76 470
76 472
76 592
159 541
128 517
128 519
128 592
87 723
87 725
87 843
115 704
115 706
115 779
189 761
189 763
189 977
165 555
9 491
9 493
9 497
333 918
320 905
98 219
98 397
98 399
98 564
50 452
59 639
111 625
168 792
245 726
270 796
210 721
97 273
90 210
382 868
120 846
247 992
206 860
206 759
218 930
81 394
139 405
200 500
48 484
18 234
160 903
138 625
31 77
68 847
72 865
401 936
134 766
232 743
36 982
106 858
35 848
185 452
66 753
30 745
268 825
27 760
72 818
236 812
54 411
211 589
235 628
14 407
149 367
263 693
439 950
59 915
72 593
31 131
300 940
127 443
424 971
309 730
64 197
369 862
44 914
111 926
75 443
73 815
265 629
289 711
140 578
235 743
448 999
17 74
54 360
467 1000
88 282
175 381
414 968
41 420
389 933
286 991
159 726
43 861
196 400
45 426
23 294
95 889
158 728
27 255
133 932
13 343
164 971
260 946
157 465
173 990
372 802
5 299
165 541
33 828
132 440
231 694
1 664
22 798
42 86
211 640
245 547
101 492
245 962
171 783
300 936
132 476
91 451
302 995
189 901
459 977
331 677
219 957
184 665
324 912
69 156
21 415
351 789
147 448
69 620
83 681
72 735
242 828
229 508
58 424
76 658
100 979
8 770
216 485
226 564
194 520
150 753
45 450
118 563
152 643
285 764
377 926
68 290
66 705
25 223
340 827
62 919
100 899
182 481
154 366
250 892
304 771
75 456
281 817
106 646
200 686
294 837
411 895
281 883
133 274
371 779
285 622
325 714
142 613
157 413
103 247
176 807
281 637
216 670
125 540
68 227
199 728
411 998
87 587
232 692
252 916
319 854
309 635
66 589
252 674
174 685
159 449
46 745
82 829
314 713
139 641
201 690
158 841
368 826
128 867
207 762
198 563
224 542
101 581
17 330
37 316
385 808
96 297
39 290
42 466
243 540
351 955
371 973
204 810
195 546
118 994
52 665
87 790
182 925
154 760
59 537
273 811
89 824
48 676
215 619
236 657
426 873
44 945
409 865
9 356
97 701
132 342
246 935
75 219
8 694
142 459
47 694
4 113
314 785
101 653
77 196
166 495
110 991
333 778
243 620
83 252
72 489
129 975
106 728
80 253
414 864
39 949
289 819
5 917
1 443
329 779
17 162
148 551
341 719
179 872
27 945
186 395
83 606
245 640
6 35
86 222
3 65
227 544
452 940
157 739
83 455
127 294
208 606
175 734
58 840
105 913
118 534
116 357
43 811
424 904
354 752
113 429
46 970
85 601
244 825
408 898
407 851
321 732
296 595
310 726
203 717
16 812
44 414
341 942
148 594
8 557
197 702
169 437
205 501
108 368
181 505
180 844
200 663
382 949
49 301
327 988
187 437
163 824
38 906
279 863
147 590
139 964
261 549
38 395
103 752
150 854
347 868
175 445
55 895
58 865
149 781
150 430
141 705
103 270
211 759
153 946
89 996
326 844
18 172
301 747
49 366
70 166
280 915
211 813
157 886
87 264
217 557
258 875
241 861
19 248
199 655
361 741
233 898
308 976
133 432
347 948
256 660
294 603
12 152
124 472
355 915
42 122
151 885
41 293
279 822
112 306
152 741
108 664
43 621
88 415
224 761
53 714
103 932
100 342
254 714
78 358
222 513
80 452
166 478
20 68
136 423
455 994
134 392
287 698
155 997
177 825
182 373
293 740
301 675
29 115
98 864
142 295
387 954
66 645
183 888
382 953
238 531
106 940
117 462
124 536
191 566
304 832
267 904
172 766
294 967
96 516
156 603
40 593
94 291
269 866
423 926
257 865
74 824
184 892
239 576
407 857
59 339
250 697
127 808
325 713
120 446
201 589
158 525
200 709
360 885
165 605
154 716
11 424
9 911
336 743
197 671
33 447
62 490
308 914
128 575
256 649
99 433
201 896
268 821
306 767
65 281
144 337
9 411
75 340
314 861
3 457
55 593
110 250
103 405
240 769
207 520
181 540
170 894
131 983
13 451
39 553
158 571
171 508
105 946
99 296
103 486
197 402
74 348
391 868
90 331
135 991
53 134
23 601
96 299
85 677
232 834
27 690
50 327
90 635
284 887
74 710
353 756
319 675
50 971
18 216
260 935
233 828
108 898
222 810
94 296
153 779
201 408
123 555
277 593
214 614
157 865
6 660
30 920
205 887
190 715
199 406
39 330
87 499
406 973
27 602
84 974
260 872
245 656
54 436
284 973
2 870
137 728
109 980
136 404
69 486
